MaxTime = 10, length = 10

cars | runtime (ms)

1	628
2	990
3	1389
4	1416
5	2049
6	2656
7	2575
8	2405
9	3170
10	3066
11	1979
12	2777
13	2151
14	unSat

MaxTime = 10, length = 7

cars | runtime (ms)
1	594
2	815
3	1823
4	2940
5	3104
6	2941
7	3141
8	3642
9	3630
10	3284
11	3532
12	4286
13	4163
14	6334
15	5692
16	7395
17	unSAT

MaxTime = 11, length = 7
17	16937
MaxTime = 12, length = 7
17	30653
MaxTime = 13, length = 7
17	41805

cars = 5, length = 7

MaxTime | runtime (ms)
5	 UnSat
6	 UnSat
7	 1023
8	 1938
9	 2006
10	 3097
11	 3682
12	 4411
13	 5090
14	 6852
15	 8227
16	 10603
17	 12903
18	 17547
19	 19832
20	 26479
21	 31349

